inputFileName=c499.bench; numberOfInputs=41; numberOfOutputs=32; numberOfGates=202; unusedNode=C
number; gate1; gate2; numDuplicateGates; numRemovedGates; percentOfRemovedGates; numInputs; numOutputs; numBenchFiles; duplicateGates; inputNodes; outputNodes; afterOutputNodes; outputFocus; locationOfMux; testCubeTime (ms); testVector
0; 250; 250; 1; 1; 0.0049504950495049506; 2; 1; 4; [250]; [1, 5]; [250]; [290]; {250}; {00}; 28.0; 0000000000000001000000000000000000000000x
1; 250; 250; 1; 1; 0.0049504950495049506; 2; 1; 4; [250]; [1, 5]; [250]; [290]; {250}; {01}; 25.0; 0100000000000000000000000000000000000000x
2; 250; 250; 1; 1; 0.0049504950495049506; 2; 1; 4; [250]; [1, 5]; [250]; [290]; {250}; {10}; 29.0; 1000000000001000000001000000000000000000x
3; 250; 250; 1; 1; 0.0049504950495049506; 2; 1; 4; [250]; [1, 5]; [250]; [290]; {250}; {11}; 28.0; 1100000000001000000000000000000000000000x
4; 250; 290; 2; 2; 0.009900990099009901; 3; 1; 8; [250, 290]; [1, 5, 251]; [290]; [338, 340]; {290}; {000}; 33.0; 0000000000000001000000000000000000000000x
5; 250; 290; 2; 2; 0.009900990099009901; 3; 1; 8; [250, 290]; [1, 5, 251]; [290]; [338, 340]; {290}; {001}; 41.0; 0010000000000011000000000000000000000000x
6; 250; 290; 2; 2; 0.009900990099009901; 3; 1; 8; [250, 290]; [1, 5, 251]; [290]; [338, 340]; {290}; {010}; 29.0; 0100000000000000000000000000000000000000x
7; 250; 290; 2; 2; 0.009900990099009901; 3; 1; 8; [250, 290]; [1, 5, 251]; [290]; [338, 340]; {290}; {011}; 30.0; 0110000000000010000000000000000000000000x
8; 250; 290; 2; 2; 0.009900990099009901; 3; 1; 8; [250, 290]; [1, 5, 251]; [290]; [338, 340]; {290}; {100}; 38.0; 1000000000001000000001000000000000000000x
9; 250; 290; 2; 2; 0.009900990099009901; 3; 1; 8; [250, 290]; [1, 5, 251]; [290]; [338, 340]; {290}; {101}; 30.0; 1010000000000010000000000000000000000000x
10; 250; 290; 2; 2; 0.009900990099009901; 3; 1; 8; [250, 290]; [1, 5, 251]; [290]; [338, 340]; {290}; {110}; 32.0; 1100000000001000000000000000000000000000x
11; 250; 290; 2; 2; 0.009900990099009901; 3; 1; 8; [250, 290]; [1, 5, 251]; [290]; [338, 340]; {290}; {111}; 35.0; 1110000000001010000000000000000000000000x
12; 251; 251; 1; 1; 0.0049504950495049506; 2; 1; 4; [251]; [9, 13]; [251]; [290]; {251}; {00}; 31.0; 0000000000000001000000000000000000000000x
13; 251; 251; 1; 1; 0.0049504950495049506; 2; 1; 4; [251]; [9, 13]; [251]; [290]; {251}; {01}; 35.0; 0001000000000000000001100000000000000000x
14; 251; 251; 1; 1; 0.0049504950495049506; 2; 1; 4; [251]; [9, 13]; [251]; [290]; {251}; {10}; 35.0; 0010000000000011000000000000000000000000x
15; 251; 251; 1; 1; 0.0049504950495049506; 2; 1; 4; [251]; [9, 13]; [251]; [290]; {251}; {11}; 36.0; 0011000000000010000000000000000000000000x
16; 251; 290; 2; 2; 0.009900990099009901; 3; 1; 8; [251, 290]; [9, 13, 250]; [290]; [338, 340]; {290}; {011}; 35.0; 1001000000001000000000000000000000000000x
17; 252; 252; 1; 1; 0.0049504950495049506; 2; 1; 4; [252]; [17, 21]; [252]; [293]; {252}; {01}; 32.0; 0000010000000000000000000000000000000000x
18; 252; 293; 2; 2; 0.009900990099009901; 3; 1; 8; [252, 293]; [17, 21, 253]; [293]; [338, 341]; {293}; {000}; 33.0; 0000000000000001000000000000000000000000x
19; 253; 253; 1; 1; 0.0049504950495049506; 2; 1; 4; [253]; [25, 29]; [253]; [293]; {253}; {01}; 25.0; 0000000100000000000001100000000000000000x
20; 253; 293; 2; 2; 0.009900990099009901; 3; 1; 8; [253, 293]; [25, 29, 252]; [293]; [338, 341]; {293}; {101}; 26.0; 0000101000000010000000000000000000000000x
21; 254; 254; 1; 1; 0.0049504950495049506; 2; 1; 4; [254]; [33, 37]; [254]; [296]; {254}; {11}; 30.0; 0000100011000000000000000000000000000000x
22; 254; 296; 2; 2; 0.009900990099009901; 3; 1; 8; [254, 296]; [33, 37, 255]; [296]; [339, 340]; {296}; {010}; 36.0; 0000000001000000000000000000000000000000x
23; 255; 255; 1; 1; 0.0049504950495049506; 2; 1; 4; [255]; [41, 45]; [255]; [296]; {255}; {00}; 31.0; 0000000100000000000000000000000000000000x
24; 255; 296; 2; 2; 0.009900990099009901; 3; 1; 8; [255, 296]; [41, 45, 254]; [296]; [339, 340]; {296}; {001}; 30.0; 0000100010000000000010000000000000000000x
25; 256; 256; 1; 1; 0.0049504950495049506; 2; 1; 4; [256]; [49, 53]; [256]; [299]; {256}; {10}; 31.0; 0000100000001000000010000000000000000000x
26; 256; 299; 2; 2; 0.009900990099009901; 3; 1; 8; [256, 299]; [49, 53, 257]; [299]; [339, 341]; {299}; {111}; 27.0; 0000101000001110000000000000000000000000x
27; 257; 257; 1; 1; 0.0049504950495049506; 2; 1; 4; [257]; [57, 61]; [257]; [299]; {257}; {00}; 27.0; 0000000100000000000000000000000000000000x
28; 257; 299; 2; 2; 0.009900990099009901; 3; 1; 8; [257, 299]; [57, 61, 256]; [299]; [339, 341]; {299}; {000}; 30.0; 0000000100000000000000000000000000000000x
29; 258; 258; 1; 1; 0.0049504950495049506; 2; 1; 4; [258]; [65, 69]; [258]; [302]; {258}; {00}; 26.0; 0000000000000000000000000000000100000000x
30; 258; 258; 1; 1; 0.0049504950495049506; 2; 1; 4; [258]; [65, 69]; [258]; [302]; {258}; {01}; 27.0; 0000000000000000010000000000000000000000x
31; 258; 258; 1; 1; 0.0049504950495049506; 2; 1; 4; [258]; [65, 69]; [258]; [302]; {258}; {10}; 25.0; 0000010000000000100000000000100000000000x
32; 258; 258; 1; 1; 0.0049504950495049506; 2; 1; 4; [258]; [65, 69]; [258]; [302]; {258}; {11}; 28.0; 0000000000000000110000000000100000000000x
33; 258; 302; 2; 2; 0.009900990099009901; 3; 1; 8; [258, 302]; [65, 69, 259]; [302]; [342, 344]; {302}; {000}; 21.0; 0000000000000000000000000000000100000000x
34; 259; 259; 1; 1; 0.0049504950495049506; 2; 1; 4; [259]; [73, 77]; [259]; [302]; {259}; {01}; 34.0; 0000011000000000000100000000000000000000x
35; 259; 302; 2; 2; 0.009900990099009901; 3; 1; 8; [259, 302]; [73, 77, 258]; [302]; [342, 344]; {302}; {010}; 34.0; 0000011000000000000100000000000000000000x
36; 260; 260; 1; 1; 0.0049504950495049506; 2; 1; 4; [260]; [81, 85]; [260]; [305]; {260}; {01}; 33.0; 0000000000000000000001000000000000000000x
37; 260; 305; 2; 2; 0.009900990099009901; 3; 1; 8; [260, 305]; [81, 85, 261]; [305]; [342, 345]; {305}; {000}; 37.0; 0000000000000000000000000000000100000000x
38; 261; 261; 1; 1; 0.0049504950495049506; 2; 1; 4; [261]; [89, 93]; [261]; [305]; {261}; {00}; 42.0; 0000000000000000000000000000000100000000x
39; 261; 305; 2; 2; 0.009900990099009901; 3; 1; 8; [261, 305]; [89, 93, 260]; [305]; [342, 345]; {305}; {011}; 47.0; 0000000000000000000010010000100000000000x
40; 262; 262; 1; 1; 0.0049504950495049506; 2; 1; 4; [262]; [97, 101]; [262]; [308]; {262}; {00}; 32.0; 0000000000000000000000010000000000000000x
41; 262; 308; 2; 2; 0.009900990099009901; 3; 1; 8; [262, 308]; [97, 101, 263]; [308]; [343, 344]; {308}; {010}; 37.0; 0000000000000000000000000100000000000000x
42; 263; 263; 1; 1; 0.0049504950495049506; 2; 1; 4; [263]; [105, 109]; [263]; [308]; {263}; {10}; 31.0; 0000000000000000000000110010000000000000x
43; 263; 308; 2; 2; 0.009900990099009901; 3; 1; 8; [263, 308]; [105, 109, 262]; [308]; [343, 344]; {308}; {101}; 31.0; 0000000000000000000000101010000000000000x
44; 264; 264; 1; 1; 0.0049504950495049506; 2; 1; 4; [264]; [113, 117]; [264]; [311]; {264}; {00}; 30.0; 0000000000000000000000010000000000000000x
45; 264; 311; 2; 2; 0.009900990099009901; 3; 1; 8; [264, 311]; [113, 117, 265]; [311]; [343, 345]; {311}; {100}; 28.0; 0000100000000000000010000000100000000000x
46; 265; 265; 1; 1; 0.0049504950495049506; 2; 1; 4; [265]; [121, 125]; [265]; [311]; {265}; {11}; 41.0; 0000000000000000000000100000001100000000x
47; 265; 311; 2; 2; 0.009900990099009901; 3; 1; 8; [265, 311]; [121, 125, 264]; [311]; [343, 345]; {311}; {000}; 31.0; 0000000000000000000000010000000000000000x
48; 266; 266; 1; 1; 0.0049504950495049506; 2; 1; 4; [266]; [129, 137]; [266]; [346]; {266}; {00}; 29.0; 000000000000000000000000000010000xxxxxxx0
49; 266; 346; 2; 2; 0.009900990099009901; 3; 1; 8; [266, 346]; [129, 137, 342]; [346]; [354]; {346}; {111}; 30.0; 00000000000000001110000001000010100000001
50; 266; 354; 3; 3; 0.01485148514851485; 4; 1; 16; [266, 346, 354]; [129, 137, 342, 314]; [354]; [554, 557, 560, 590, 592, 597, 640, 645, 692, 696, 700, 704]; {354}; {0100}; 38.0; 10001000100010000000000000100000000000001
51; 267; 267; 1; 1; 0.0049504950495049506; 2; 1; 4; [267]; [130, 137]; [267]; [347]; {267}; {11}; 28.0; 00000000000000000000100000000000010000001
52; 267; 347; 2; 2; 0.009900990099009901; 3; 1; 8; [267, 347]; [130, 137, 343]; [347]; [367]; {347}; {001}; 29.0; 00000000000000000010000010000000x0xxxxxx0
53; 267; 367; 3; 3; 0.01485148514851485; 4; 1; 16; [267, 347, 367]; [130, 137, 343, 315]; [367]; [555, 558, 563, 586, 588, 596, 650, 655, 693, 697, 701, 705]; {367}; {1111}; 36.0; 00000000010000000000000000100000010000001
54; 268; 268; 1; 1; 0.0049504950495049506; 2; 1; 4; [268]; [131, 137]; [268]; [348]; {268}; {10}; 41.0; 00000000000000000000000000000100xx1xxxxx0
55; 268; 348; 2; 2; 0.009900990099009901; 3; 1; 8; [268, 348]; [131, 137, 344]; [348]; [380]; {348}; {000}; 31.0; 00000000000000000110000000000000xx0xxxxx0
56; 268; 380; 3; 3; 0.01485148514851485; 4; 1; 16; [268, 348, 380]; [131, 137, 344, 316]; [380]; [556, 561, 564, 589, 593, 595, 640, 650, 694, 698, 702, 706]; {380}; {0110}; 35.0; 00000000000000000100000000000000000000001
57; 269; 269; 1; 1; 0.0049504950495049506; 2; 1; 4; [269]; [132, 137]; [269]; [349]; {269}; {10}; 35.0; 00000000000000000000000001000000xxx1xxxx0
58; 269; 349; 2; 2; 0.009900990099009901; 3; 1; 8; [269, 349]; [132, 137, 345]; [349]; [393]; {349}; {101}; 37.0; 00000000000000000100111000000000xxx1xxxx0
59; 269; 393; 3; 3; 0.01485148514851485; 4; 1; 16; [269, 349, 393]; [132, 137, 345, 317]; [393]; [559, 562, 565, 587, 591, 594, 645, 655, 695, 699, 703, 707]; {393}; {0100}; 49.0; 00010001000100010000000000100000000000001
60; 270; 270; 1; 1; 0.0049504950495049506; 2; 1; 4; [270]; [133, 137]; [270]; [350]; {270}; {00}; 30.0; 00000000000010000000000000000000xxxx0xxx0
61; 270; 350; 2; 2; 0.009900990099009901; 3; 1; 8; [270, 350]; [133, 137, 338]; [350]; [406]; {350}; {110}; 32.0; 01100000000000000000000000000000000010001
62; 270; 406; 3; 3; 0.01485148514851485; 4; 1; 16; [270, 350, 406]; [133, 137, 338, 318]; [406]; [570, 572, 574, 577, 580, 601, 620, 625, 708, 712, 716, 720]; {406}; {1000}; 33.0; 00000000001000001000100010001000xxxx1xxx0
63; 271; 271; 1; 1; 0.0049504950495049506; 2; 1; 4; [271]; [134, 137]; [271]; [351]; {271}; {00}; 30.0; 00001000000000000000000000000000xxxxx0xx0
64; 271; 351; 2; 2; 0.009900990099009901; 3; 1; 8; [271, 351]; [134, 137, 339]; [351]; [419]; {351}; {100}; 46.0; 00000000011000000000000000000000xxxxx1xx0
65; 271; 419; 3; 3; 0.01485148514851485; 4; 1; 16; [271, 351, 419]; [134, 137, 339, 319]; [419]; [566, 568, 575, 578, 583, 600, 630, 635, 709, 713, 717, 721]; {419}; {1100}; 34.0; 00000100000000000000000000000000000001001
66; 272; 272; 1; 1; 0.0049504950495049506; 2; 1; 4; [272]; [135, 137]; [272]; [352]; {272}; {00}; 28.0; 00000000000001000000000000000000xxxxxx0x0
67; 272; 272; 1; 1; 0.0049504950495049506; 2; 1; 4; [272]; [135, 137]; [272]; [352]; {272}; {01}; 30.0; 00000000000001000000000000000000000000001
68; 272; 272; 1; 1; 0.0049504950495049506; 2; 1; 4; [272]; [135, 137]; [272]; [352]; {272}; {10}; 30.0; 00000000000001000000000000000000xxxxxx1x0
69; 272; 272; 1; 1; 0.0049504950495049506; 2; 1; 4; [272]; [135, 137]; [272]; [352]; {272}; {11}; 28.0; 00000000000001000000000000000000000000101
70; 272; 352; 2; 2; 0.009900990099009901; 3; 1; 8; [272, 352]; [135, 137, 340]; [352]; [432]; {352}; {000}; 37.0; 01100000000000000000000000000000xxxxxx0x0
71; 272; 432; 3; 3; 0.01485148514851485; 4; 1; 16; [272, 352, 432]; [135, 137, 340, 320]; [432]; [569, 573, 576, 581, 584, 599, 620, 630, 710, 714, 718, 722]; {432}; {1101}; 31.0; 00000000000000000000000000100000000000101
72; 273; 273; 1; 1; 0.0049504950495049506; 2; 1; 4; [273]; [136, 137]; [273]; [353]; {273}; {00}; 31.0; 00000000010000000000000000000000xxxxxxx00
73; 273; 353; 2; 2; 0.009900990099009901; 3; 1; 8; [273, 353]; [136, 137, 341]; [353]; [445]; {353}; {011}; 38.0; 01001110000000000000000000000000000000001
74; 273; 445; 3; 3; 0.01485148514851485; 4; 1; 16; [273, 353, 445]; [136, 137, 341, 321]; [445]; [567, 571, 579, 582, 585, 598, 625, 635, 711, 715, 719, 723]; {445}; {1000}; 33.0; 00000000001000000001000100010001xxxxxxx10
75; 274; 274; 1; 1; 0.0049504950495049506; 2; 1; 4; [274]; [1, 17]; [274]; [314]; {274}; {00}; 44.0; 0000000000000000000000000000100000000000x
76; 274; 314; 2; 2; 0.009900990099009901; 3; 1; 8; [274, 314]; [1, 17, 275]; [314]; [354]; {314}; {000}; 50.0; 0000000000000000000000000000100000000000x
77; 274; 354; 3; 3; 0.01485148514851485; 4; 1; 16; [274, 314, 354]; [1, 17, 275, 346]; [354]; [554, 557, 560, 590, 592, 597, 640, 645, 692, 696, 700, 704]; {354}; {0111}; 32.0; 00001100000010000000000000000000100000001
78; 275; 275; 1; 1; 0.0049504950495049506; 2; 1; 4; [275]; [33, 49]; [275]; [314]; {275}; {10}; 31.0; 0000000011000000000000000000100000000000x
79; 275; 314; 2; 2; 0.009900990099009901; 3; 1; 8; [275, 314]; [33, 49, 274]; [314]; [354]; {314}; {101}; 36.0; 1100000011000000000000000000100000000000x
80; 275; 354; 3; 3; 0.01485148514851485; 4; 1; 16; [275, 314, 354]; [33, 49, 274, 346]; [354]; [554, 557, 560, 590, 592, 597, 640, 645, 692, 696, 700, 704]; {354}; {0010}; 55.0; 0000100000000000000000000000000000000000x
81; 276; 276; 1; 1; 0.0049504950495049506; 2; 1; 4; [276]; [5, 21]; [276]; [315]; {276}; {10}; 37.0; 1100000000000000000010000000000000000000x
82; 276; 315; 2; 2; 0.009900990099009901; 3; 1; 8; [276, 315]; [5, 21, 277]; [315]; [367]; {315}; {001}; 29.0; 0000000011000000000010000000000000000000x
83; 276; 367; 3; 3; 0.01485148514851485; 4; 1; 16; [276, 315, 367]; [5, 21, 277, 347]; [367]; [555, 558, 563, 586, 588, 596, 650, 655, 693, 697, 701, 705]; {367}; {0010}; 37.0; 0000000000000100000000000000000000000000x
84; 277; 277; 1; 1; 0.0049504950495049506; 2; 1; 4; [277]; [37, 53]; [277]; [315]; {277}; {11}; 45.0; 0000000011001100000010000000000000000000x
85; 277; 315; 2; 2; 0.009900990099009901; 3; 1; 8; [277, 315]; [37, 53, 276]; [315]; [367]; {315}; {101}; 45.0; 1100000011000000000010000000000000000000x
86; 277; 367; 3; 3; 0.01485148514851485; 4; 1; 16; [277, 315, 367]; [37, 53, 276, 347]; [367]; [555, 558, 563, 586, 588, 596, 650, 655, 693, 697, 701, 705]; {367}; {0100}; 38.0; 0000000000001100000000000000011000000000x
87; 278; 278; 1; 1; 0.0049504950495049506; 2; 1; 4; [278]; [9, 25]; [278]; [316]; {278}; {11}; 41.0; 0011001100000000000010000000000000000000x
88; 278; 316; 2; 2; 0.009900990099009901; 3; 1; 8; [278, 316]; [9, 25, 279]; [316]; [380]; {316}; {110}; 37.0; 0011001100000000000010000000000000000000x
89; 278; 380; 3; 3; 0.01485148514851485; 4; 1; 16; [278, 316, 380]; [9, 25, 279, 348]; [380]; [556, 561, 564, 589, 593, 595, 640, 650, 694, 698, 702, 706]; {380}; {1001}; 39.0; 00110000000000000000000010100000001000001
90; 279; 279; 1; 1; 0.0049504950495049506; 2; 1; 4; [279]; [41, 57]; [279]; [316]; {279}; {10}; 40.0; 0000000000110000000000000000010000000000x
91; 279; 316; 2; 2; 0.009900990099009901; 3; 1; 8; [279, 316]; [41, 57, 278]; [316]; [380]; {316}; {111}; 43.0; 0011000000110011000000000000010000000000x
92; 279; 380; 3; 3; 0.01485148514851485; 4; 1; 16; [279, 316, 380]; [41, 57, 278, 348]; [380]; [556, 561, 564, 589, 593, 595, 640, 650, 694, 698, 702, 706]; {380}; {1111}; 35.0; 00000010001100110000000000000000001000001
93; 280; 280; 1; 1; 0.0049504950495049506; 2; 1; 4; [280]; [13, 29]; [280]; [317]; {280}; {01}; 66.0; 0000001100000000100000000000000000000000x
94; 280; 317; 2; 2; 0.009900990099009901; 3; 1; 8; [280, 317]; [13, 29, 281]; [317]; [393]; {317}; {011}; 37.0; 0000001100110000000000000100000000000000x
95; 280; 393; 3; 3; 0.01485148514851485; 4; 1; 16; [280, 317, 393]; [13, 29, 281, 349]; [393]; [559, 562, 565, 587, 591, 594, 645, 655, 695, 699, 703, 707]; {393}; {1011}; 40.0; 00110000000000010000000000000000000100001
96; 281; 281; 1; 1; 0.0049504950495049506; 2; 1; 4; [281]; [45, 61]; [281]; [317]; {281}; {11}; 42.0; 0000000000110011000000000100000000000000x
97; 281; 317; 2; 2; 0.009900990099009901; 3; 1; 8; [281, 317]; [45, 61, 280]; [317]; [393]; {317}; {101}; 43.0; 0011000000110000000000000100000000000000x
98; 281; 393; 3; 3; 0.01485148514851485; 4; 1; 16; [281, 317, 393]; [45, 61, 280, 349]; [393]; [559, 562, 565, 587, 591, 594, 645, 655, 695, 699, 703, 707]; {393}; {1000}; 35.0; 0000000000110000000000000000010100000000x
99; 282; 282; 1; 1; 0.0049504950495049506; 2; 1; 4; [282]; [65, 81]; [282]; [318]; {282}; {11}; 31.0; 0000000000001000110011000000000000000000x
100; 282; 318; 2; 2; 0.009900990099009901; 3; 1; 8; [282, 318]; [65, 81, 283]; [318]; [406]; {318}; {101}; 40.0; 0000000000001000110000001100000000000000x
101; 282; 406; 3; 3; 0.01485148514851485; 4; 1; 16; [282, 318, 406]; [65, 81, 283, 350]; [406]; [570, 572, 574, 577, 580, 601, 620, 625, 708, 712, 716, 720]; {406}; {1100}; 32.0; 1001000000000000110011000000000000000000x
102; 283; 283; 1; 1; 0.0049504950495049506; 2; 1; 4; [283]; [97, 113]; [283]; [318]; {283}; {10}; 38.0; 0000000000001000000000001100000000000000x
103; 283; 318; 2; 2; 0.009900990099009901; 3; 1; 8; [283, 318]; [97, 113, 282]; [318]; [406]; {318}; {001}; 32.0; 0000000000001000110000000000000000000000x
104; 283; 406; 3; 3; 0.01485148514851485; 4; 1; 16; [283, 318, 406]; [97, 113, 282, 350]; [406]; [570, 572, 574, 577, 580, 601, 620, 625, 708, 712, 716, 720]; {406}; {0000}; 44.0; 1001000000000000000000000000000000000000x
105; 284; 284; 1; 1; 0.0049504950495049506; 2; 1; 4; [284]; [69, 85]; [284]; [319]; {284}; {00}; 49.0; 0000100000000000000000000000000000000000x
106; 284; 319; 2; 2; 0.009900990099009901; 3; 1; 8; [284, 319]; [69, 85, 285]; [319]; [419]; {319}; {111}; 37.0; 1000100100000000110011001100000000000000x
107; 284; 419; 3; 3; 0.01485148514851485; 4; 1; 16; [284, 319, 419]; [69, 85, 285, 351]; [419]; [566, 568, 575, 578, 583, 600, 630, 635, 709, 713, 717, 721]; {419}; {0111}; 36.0; 00000000000000000000110000000100000001001
108; 285; 285; 1; 1; 0.0049504950495049506; 2; 1; 4; [285]; [101, 117]; [285]; [319]; {285}; {01}; 44.0; 0000100000000000000000000000110000000000x
109; 285; 319; 2; 2; 0.009900990099009901; 3; 1; 8; [285, 319]; [101, 117, 284]; [319]; [419]; {319}; {011}; 35.0; 0000100000000000110000000000110000000000x
110; 285; 419; 3; 3; 0.01485148514851485; 4; 1; 16; [285, 319, 419]; [101, 117, 284, 351]; [419]; [566, 568, 575, 578, 583, 600, 630, 635, 709, 713, 717, 721]; {419}; {1001}; 45.0; 00000000000010100000000011000000000001001
111; 286; 286; 1; 1; 0.0049504950495049506; 2; 1; 4; [286]; [73, 89]; [286]; [320]; {286}; {00}; 52.0; 0000000000000100000000000000000000000000x
112; 286; 320; 2; 2; 0.009900990099009901; 3; 1; 8; [286, 320]; [73, 89, 287]; [320]; [432]; {320}; {010}; 38.0; 0000000000000100000000110000000000000000x
113; 286; 432; 3; 3; 0.01485148514851485; 4; 1; 16; [286, 320, 432]; [73, 89, 287, 352]; [432]; [569, 573, 576, 581, 584, 599, 620, 630, 710, 714, 718, 722]; {432}; {0011}; 31.0; 00000000000000000000000000000010000000101
114; 287; 287; 1; 1; 0.0049504950495049506; 2; 1; 4; [287]; [105, 121]; [287]; [320]; {287}; {10}; 37.0; 0000000000000100000000000011000000000000x
115; 287; 320; 2; 2; 0.009900990099009901; 3; 1; 8; [287, 320]; [105, 121, 286]; [320]; [432]; {320}; {001}; 48.0; 0000000000000100001100000000000000000000x
116; 287; 432; 3; 3; 0.01485148514851485; 4; 1; 16; [287, 320, 432]; [105, 121, 286, 352]; [432]; [569, 573, 576, 581, 584, 599, 620, 630, 710, 714, 718, 722]; {432}; {1010}; 32.0; 0000000000000000000000100011000000000000x
117; 288; 288; 1; 1; 0.0049504950495049506; 2; 1; 4; [288]; [77, 93]; [288]; [321]; {288}; {11}; 32.0; 0000000001000000001100110000000000000000x
118; 288; 321; 2; 2; 0.009900990099009901; 3; 1; 8; [288, 321]; [77, 93, 289]; [321]; [445]; {321}; {001}; 34.0; 0000000001000000000000000011000000000000x
119; 288; 445; 3; 3; 0.01485148514851485; 4; 1; 16; [288, 321, 445]; [77, 93, 289, 353]; [445]; [567, 571, 579, 582, 585, 598, 625, 635, 711, 715, 719, 723]; {445}; {0000}; 32.0; 0000000000000101000000000000000000000000x
120; 289; 289; 1; 1; 0.0049504950495049506; 2; 1; 4; [289]; [109, 125]; [289]; [321]; {289}; {00}; 35.0; 0000000001000000000000000000000000000000x
121; 289; 321; 2; 2; 0.009900990099009901; 3; 1; 8; [289, 321]; [109, 125, 288]; [321]; [445]; {321}; {000}; 35.0; 0000000001000000000000000000000000000000x
122; 289; 445; 3; 3; 0.01485148514851485; 4; 1; 16; [289, 321, 445]; [109, 125, 288, 353]; [445]; [567, 571, 579, 582, 585, 598, 625, 635, 711, 715, 719, 723]; {445}; {1011}; 39.0; 00000000000000000000000100110000000000011
123; 290; 290; 1; 1; 0.0049504950495049506; 2; 1; 4; [290]; [250, 251]; [290]; [338, 340]; {290}; {10}; 32.0; 1000000000001000000001000000000000000000x
124; 293; 293; 1; 1; 0.0049504950495049506; 2; 1; 4; [293]; [252, 253]; [293]; [338, 341]; {293}; {00}; 46.0; 0000000000000001000000000000000000000000x
125; 296; 296; 1; 1; 0.0049504950495049506; 2; 1; 4; [296]; [254, 255]; [296]; [339, 340]; {296}; {10}; 32.0; 0000100010000000000010000000000000000000x
126; 299; 299; 1; 1; 0.0049504950495049506; 2; 1; 4; [299]; [256, 257]; [299]; [339, 341]; {299}; {01}; 38.0; 0000000000000010000000000000000000000000x
127; 302; 302; 1; 1; 0.0049504950495049506; 2; 1; 4; [302]; [258, 259]; [302]; [342, 344]; {302}; {00}; 37.0; 0000000000000000000000000000000100000000x
128; 305; 305; 1; 1; 0.0049504950495049506; 2; 1; 4; [305]; [260, 261]; [305]; [342, 345]; {305}; {00}; 39.0; 0000000000000000000000000000000100000000x
129; 308; 308; 1; 1; 0.0049504950495049506; 2; 1; 4; [308]; [262, 263]; [308]; [343, 344]; {308}; {01}; 37.0; 0000000000000000000000110010000000000000x
130; 311; 311; 1; 1; 0.0049504950495049506; 2; 1; 4; [311]; [264, 265]; [311]; [343, 345]; {311}; {00}; 33.0; 0000000000000000000000010000000000000000x
131; 314; 314; 1; 1; 0.0049504950495049506; 2; 1; 4; [314]; [274, 275]; [314]; [354]; {314}; {01}; 47.0; 0000000011000000000000000000100000000000x
132; 314; 354; 2; 2; 0.009900990099009901; 3; 1; 8; [314, 354]; [274, 275, 346]; [354]; [554, 557, 560, 590, 592, 597, 640, 645, 692, 696, 700, 704]; {354}; {010}; 34.0; 0000000000001000000000000000000000000000x
133; 315; 315; 1; 1; 0.0049504950495049506; 2; 1; 4; [315]; [276, 277]; [315]; [367]; {315}; {00}; 34.0; 0000000000000000000010000000000000000000x
134; 315; 367; 2; 2; 0.009900990099009901; 3; 1; 8; [315, 367]; [276, 277, 347]; [367]; [555, 558, 563, 586, 588, 596, 650, 655, 693, 697, 701, 705]; {367}; {010}; 34.0; 0000000000000100000000000000000000000000x
135; 316; 316; 1; 1; 0.0049504950495049506; 2; 1; 4; [316]; [278, 279]; [316]; [380]; {316}; {11}; 32.0; 0011000000110000000000000000010000000000x
136; 316; 380; 2; 2; 0.009900990099009901; 3; 1; 8; [316, 380]; [278, 279, 348]; [380]; [556, 561, 564, 589, 593, 595, 640, 650, 694, 698, 702, 706]; {380}; {110}; 41.0; 0000001000000010000000000101000000000000x
137; 317; 317; 1; 1; 0.0049504950495049506; 2; 1; 4; [317]; [280, 281]; [317]; [393]; {317}; {11}; 31.0; 0011000000110000000000000100000000000000x
138; 317; 393; 2; 2; 0.009900990099009901; 3; 1; 8; [317, 393]; [280, 281, 349]; [393]; [559, 562, 565, 587, 591, 594, 645, 655, 695, 699, 703, 707]; {393}; {010}; 37.0; 0000000000000001000000000000000000000000x
139; 318; 318; 1; 1; 0.0049504950495049506; 2; 1; 4; [318]; [282, 283]; [318]; [406]; {318}; {10}; 36.0; 0000000000001000110000000000000000000000x
140; 318; 406; 2; 2; 0.009900990099009901; 3; 1; 8; [318, 406]; [282, 283, 350]; [406]; [570, 572, 574, 577, 580, 601, 620, 625, 708, 712, 716, 720]; {406}; {000}; 35.0; 0000010100000000000000000000000000000000x
141; 319; 319; 1; 1; 0.0049504950495049506; 2; 1; 4; [319]; [284, 285]; [319]; [419]; {319}; {01}; 36.0; 0000100000000000000000001100000000000000x
142; 319; 419; 2; 2; 0.009900990099009901; 3; 1; 8; [319, 419]; [284, 285, 351]; [419]; [566, 568, 575, 578, 583, 600, 630, 635, 709, 713, 717, 721]; {419}; {010}; 33.0; 0000000000000000000000000000010000000000x
143; 320; 320; 1; 1; 0.0049504950495049506; 2; 1; 4; [320]; [286, 287]; [320]; [432]; {320}; {01}; 31.0; 0000000000000100000000000011000000000000x
144; 320; 432; 2; 2; 0.009900990099009901; 3; 1; 8; [320, 432]; [286, 287, 352]; [432]; [569, 573, 576, 581, 584, 599, 620, 630, 710, 714, 718, 722]; {432}; {010}; 34.0; 0000000011000000000000000000001000000000x
145; 321; 321; 1; 1; 0.0049504950495049506; 2; 1; 4; [321]; [288, 289]; [321]; [445]; {321}; {00}; 59.0; 0000000001000000000000000000000000000000x
146; 321; 445; 2; 2; 0.009900990099009901; 3; 1; 8; [321, 445]; [288, 289, 353]; [445]; [567, 571, 579, 582, 585, 598, 625, 635, 711, 715, 719, 723]; {445}; {101}; 35.0; 00000000000000000000000100000000000000011
147; 338; 338; 1; 1; 0.0049504950495049506; 2; 1; 4; [338]; [290, 293]; [338]; [350]; {338}; {11}; 33.0; 1000100000101000000000000000000000000000x
148; 338; 350; 2; 2; 0.009900990099009901; 3; 1; 8; [338, 350]; [290, 293, 270]; [350]; [406]; {350}; {100}; 34.0; 1000000011100000000000000000000000000000x
149; 338; 406; 3; 3; 0.01485148514851485; 4; 1; 16; [338, 350, 406]; [290, 293, 270, 318]; [406]; [570, 572, 574, 577, 580, 601, 620, 625, 708, 712, 716, 720]; {406}; {1100}; 39.0; 1110111001000010100000001000000000000000x
150; 339; 339; 1; 1; 0.0049504950495049506; 2; 1; 4; [339]; [296, 299]; [339]; [351]; {339}; {10}; 39.0; 1110000010000000000000000000000000000000x
151; 339; 351; 2; 2; 0.009900990099009901; 3; 1; 8; [339, 351]; [296, 299, 271]; [351]; [419]; {351}; {110}; 64.0; 0010100010001000000000000000000000000000x
152; 339; 419; 3; 3; 0.01485148514851485; 4; 1; 16; [339, 351, 419]; [296, 299, 271, 319]; [419]; [566, 568, 575, 578, 583, 600, 630, 635, 709, 713, 717, 721]; {419}; {1000}; 42.0; 0010000010000000000000000100010000000000x
153; 340; 340; 1; 1; 0.0049504950495049506; 2; 1; 4; [340]; [290, 296]; [340]; [352]; {340}; {10}; 40.0; 1000111000000000000000000000000000000000x
154; 340; 352; 2; 2; 0.009900990099009901; 3; 1; 8; [340, 352]; [290, 296, 272]; [352]; [432]; {352}; {100}; 36.0; 1000111000000000000000000000000000000000x
155; 340; 432; 3; 3; 0.01485148514851485; 4; 1; 16; [340, 352, 432]; [290, 296, 272, 320]; [432]; [569, 573, 576, 581, 584, 599, 620, 630, 710, 714, 718, 722]; {432}; {0000}; 37.0; 0110000000000000000000000000000000000000x
156; 341; 341; 1; 1; 0.0049504950495049506; 2; 1; 4; [341]; [293, 299]; [341]; [353]; {341}; {10}; 34.0; 1110100000000000000000000000000000000000x
157; 341; 353; 2; 2; 0.009900990099009901; 3; 1; 8; [341, 353]; [293, 299, 273]; [353]; [445]; {353}; {011}; 38.0; 10000000100010000000000000000000000000011
158; 341; 445; 3; 3; 0.01485148514851485; 4; 1; 16; [341, 353, 445]; [293, 299, 273, 321]; [445]; [567, 571, 579, 582, 585, 598, 625, 635, 711, 715, 719, 723]; {445}; {0001}; 34.0; 0000000000000000000000000001000000000000x
159; 342; 342; 1; 1; 0.0049504950495049506; 2; 1; 4; [342]; [302, 305]; [342]; [346]; {342}; {01}; 35.0; 0000000000000000000010000000001000000000x
160; 342; 346; 2; 2; 0.009900990099009901; 3; 1; 8; [342, 346]; [302, 305, 266]; [346]; [354]; {346}; {110}; 32.0; 0000000000000000100010000010100000000000x
161; 342; 354; 3; 3; 0.01485148514851485; 4; 1; 16; [342, 346, 354]; [302, 305, 266, 314]; [354]; [554, 557, 560, 590, 592, 597, 640, 645, 692, 696, 700, 704]; {354}; {1100}; 33.0; 1000000010000000111011100100001000000000x
162; 343; 343; 1; 1; 0.0049504950495049506; 2; 1; 4; [343]; [308, 311]; [343]; [347]; {343}; {11}; 45.0; 0000000000000000001010001000100000000000x
163; 343; 347; 2; 2; 0.009900990099009901; 3; 1; 8; [343, 347]; [308, 311, 267]; [347]; [367]; {347}; {010}; 54.0; 0000000000000000000000100000100000000000x
164; 343; 367; 3; 3; 0.01485148514851485; 4; 1; 16; [343, 347, 367]; [308, 311, 267, 315]; [367]; [555, 558, 563, 586, 588, 596, 650, 655, 693, 697, 701, 705]; {367}; {0100}; 42.0; 0000000000000000000000100000100000000000x
165; 344; 344; 1; 1; 0.0049504950495049506; 2; 1; 4; [344]; [302, 308]; [344]; [348]; {344}; {00}; 41.0; 0000000000000000000000000000010000000000x
166; 344; 348; 2; 2; 0.009900990099009901; 3; 1; 8; [344, 348]; [302, 308, 268]; [348]; [380]; {348}; {000}; 45.0; 0000000000000000000000000000010000000000x
167; 344; 380; 3; 3; 0.01485148514851485; 4; 1; 16; [344, 348, 380]; [302, 308, 268, 316]; [380]; [556, 561, 564, 589, 593, 595, 640, 650, 694, 698, 702, 706]; {380}; {0110}; 34.0; 00000000001000100110000010000100001000001
168; 345; 345; 1; 1; 0.0049504950495049506; 2; 1; 4; [345]; [305, 311]; [345]; [349]; {345}; {10}; 41.0; 0000000000000000111010000000000000000000x
169; 345; 349; 2; 2; 0.009900990099009901; 3; 1; 8; [345, 349]; [305, 311, 269]; [349]; [393]; {349}; {110}; 34.0; 0000000000000000111010001000100000000000x
170; 345; 393; 3; 3; 0.01485148514851485; 4; 1; 16; [345, 349, 393]; [305, 311, 269, 317]; [393]; [559, 562, 565, 587, 591, 594, 645, 655, 695, 699, 703, 707]; {393}; {1011}; 65.0; 00000000000000010100100000000000000100001
171; 346; 346; 1; 1; 0.0049504950495049506; 2; 1; 4; [346]; [266, 342]; [346]; [354]; {346}; {10}; 42.0; 00000000000000000110000000000000100000001
172; 346; 354; 2; 2; 0.009900990099009901; 3; 1; 8; [346, 354]; [266, 342, 314]; [354]; [554, 557, 560, 590, 592, 597, 640, 645, 692, 696, 700, 704]; {354}; {001}; 41.0; 0000000010000000000000000000000000000000x
173; 347; 347; 1; 1; 0.0049504950495049506; 2; 1; 4; [347]; [267, 343]; [347]; [367]; {347}; {10}; 32.0; 00000000000000000000000001100000010000001
174; 347; 367; 2; 2; 0.009900990099009901; 3; 1; 8; [347, 367]; [267, 343, 315]; [367]; [555, 558, 563, 586, 588, 596, 650, 655, 693, 697, 701, 705]; {367}; {000}; 31.0; 0000000000000000000001000000000000000000x
175; 348; 348; 1; 1; 0.0049504950495049506; 2; 1; 4; [348]; [268, 344]; [348]; [380]; {348}; {11}; 31.0; 00000000000000001110100000000000001000001
176; 348; 380; 2; 2; 0.009900990099009901; 3; 1; 8; [348, 380]; [268, 344, 316]; [380]; [556, 561, 564, 589, 593, 595, 640, 650, 694, 698, 702, 706]; {380}; {110}; 32.0; 00000000000000000100000000000000001000001
177; 349; 349; 1; 1; 0.0049504950495049506; 2; 1; 4; [349]; [269, 345]; [349]; [393]; {349}; {00}; 40.0; 0000000000000000000001100000000000000000x
178; 349; 393; 2; 2; 0.009900990099009901; 3; 1; 8; [349, 393]; [269, 345, 317]; [393]; [559, 562, 565, 587, 591, 594, 645, 655, 695, 699, 703, 707]; {393}; {100}; 33.0; 00010001000100010000000000100000000100001
179; 350; 350; 1; 1; 0.0049504950495049506; 2; 1; 4; [350]; [270, 338]; [350]; [406]; {350}; {01}; 35.0; 1110000001000010000000000000000000000000x
180; 350; 406; 2; 2; 0.009900990099009901; 3; 1; 8; [350, 406]; [270, 338, 318]; [406]; [570, 572, 574, 577, 580, 601, 620, 625, 708, 712, 716, 720]; {406}; {000}; 36.0; 0000000000100000100010001000100000000000x
181; 351; 351; 1; 1; 0.0049504950495049506; 2; 1; 4; [351]; [271, 339]; [351]; [419]; {351}; {01}; 27.0; 0010000010000000000000000000000000000000x
182; 351; 419; 2; 2; 0.009900990099009901; 3; 1; 8; [351, 419]; [271, 339, 319]; [419]; [566, 568, 575, 578, 583, 600, 630, 635, 709, 713, 717, 721]; {419}; {111}; 30.0; 00000000001000000000000001000000000001001
183; 352; 352; 1; 1; 0.0049504950495049506; 2; 1; 4; [352]; [272, 340]; [352]; [432]; {352}; {10}; 33.0; 01100000000000000000000000000000000000101
184; 352; 432; 2; 2; 0.009900990099009901; 3; 1; 8; [352, 432]; [272, 340, 320]; [432]; [569, 573, 576, 581, 584, 599, 620, 630, 710, 714, 718, 722]; {432}; {100}; 36.0; 00000100000000000000000000000000000000101
185; 353; 353; 1; 1; 0.0049504950495049506; 2; 1; 4; [353]; [273, 341]; [353]; [445]; {353}; {01}; 32.0; 0100111000000000000000000000000000000000x
186; 353; 445; 2; 2; 0.009900990099009901; 3; 1; 8; [353, 445]; [273, 341, 321]; [445]; [567, 571, 579, 582, 585, 598, 625, 635, 711, 715, 719, 723]; {445}; {100}; 38.0; 00000000001000000001000100010001000000011
187; 354; 354; 1; 1; 0.0049504950495049506; 2; 1; 4; [354]; [314, 346]; [354]; [554, 557, 560, 590, 592, 597, 640, 645, 692, 696, 700, 704]; {354}; {10}; 32.0; 0000000010000000000000000000000000000000x
188; 367; 367; 1; 1; 0.0049504950495049506; 2; 1; 4; [367]; [315, 347]; [367]; [555, 558, 563, 586, 588, 596, 650, 655, 693, 697, 701, 705]; {367}; {10}; 30.0; 0000000001000000000000000000000000000000x
189; 380; 380; 1; 1; 0.0049504950495049506; 2; 1; 4; [380]; [316, 348]; [380]; [556, 561, 564, 589, 593, 595, 640, 650, 694, 698, 702, 706]; {380}; {11}; 33.0; 00000000001000000000000000000000001000001
190; 393; 393; 1; 1; 0.0049504950495049506; 2; 1; 4; [393]; [317, 349]; [393]; [559, 562, 565, 587, 591, 594, 645, 655, 695, 699, 703, 707]; {393}; {10}; 28.0; 0000000000010000000000000000000000000000x
191; 406; 406; 1; 1; 0.0049504950495049506; 2; 1; 4; [406]; [318, 350]; [406]; [570, 572, 574, 577, 580, 601, 620, 625, 708, 712, 716, 720]; {406}; {10}; 30.0; 0000000000000000000000001000000000000000x
192; 419; 419; 1; 1; 0.0049504950495049506; 2; 1; 4; [419]; [319, 351]; [419]; [566, 568, 575, 578, 583, 600, 630, 635, 709, 713, 717, 721]; {419}; {00}; 31.0; 0000000000001010000000000000000000000000x
193; 432; 432; 1; 1; 0.0049504950495049506; 2; 1; 4; [432]; [320, 352]; [432]; [569, 573, 576, 581, 584, 599, 620, 630, 710, 714, 718, 722]; {432}; {00}; 28.0; 0000000010010000000000000000000000000000x
194; 445; 445; 1; 1; 0.0049504950495049506; 2; 1; 4; [445]; [321, 353]; [445]; [567, 571, 579, 582, 585, 598, 625, 635, 711, 715, 719, 723]; {445}; {11}; 50.0; 00000000000000000000000000010000000000011
195; 554; 554; 1; 1; 0.0049504950495049506; 1; 1; 2; [554]; [354]; [554]; [594]; {554}; {1}; 26.0; none
196; 554; 594; 2; 2; 0.009900990099009901; 4; 1; 16; [554, 594]; [354, 555, 556, 393]; [594]; [602]; {594}; {1010}; 27.0; 0000000000000000000100001000000000000000x
197; 554; 602; 3; 3; 0.01485148514851485; 7; 1; 128; [554, 594, 602]; [354, 555, 556, 393, 595, 596, 597]; [602]; [620, 625, 630, 635]; {602}; {1100111}; 31.0; none
198; 555; 555; 1; 1; 0.0049504950495049506; 1; 1; 2; [555]; [367]; [555]; [594]; {555}; {1}; 32.0; none
199; 555; 594; 2; 2; 0.009900990099009901; 4; 1; 16; [555, 594]; [367, 554, 556, 393]; [594]; [602]; {594}; {0111}; 31.0; 0000000100000000000000110000000000000000x
200; 555; 602; 3; 3; 0.01485148514851485; 7; 1; 128; [555, 594, 602]; [367, 554, 556, 393, 595, 596, 597]; [602]; [620, 625, 630, 635]; {602}; {1111010}; 28.0; none
201; 556; 556; 1; 1; 0.0049504950495049506; 1; 1; 2; [556]; [380]; [556]; [594]; {556}; {1}; 29.0; 0000000000000000100000100000000000000000x
202; 556; 594; 2; 2; 0.009900990099009901; 4; 1; 16; [556, 594]; [380, 554, 555, 393]; [594]; [602]; {594}; {0000}; 28.0; 0000000000000000000000100000100000000000x
203; 556; 594; 2; 2; 0.009900990099009901; 4; 1; 16; [556, 594]; [380, 554, 555, 393]; [594]; [602]; {594}; {0001}; 26.0; 0000000100000000000101100100000000000000x
204; 556; 594; 2; 2; 0.009900990099009901; 4; 1; 16; [556, 594]; [380, 554, 555, 393]; [594]; [602]; {594}; {0010}; 28.0; none
205; 556; 594; 2; 2; 0.009900990099009901; 4; 1; 16; [556, 594]; [380, 554, 555, 393]; [594]; [602]; {594}; {0011}; 27.0; none
206; 556; 594; 2; 2; 0.009900990099009901; 4; 1; 16; [556, 594]; [380, 554, 555, 393]; [594]; [602]; {594}; {0100}; 28.0; none
207; 556; 594; 2; 2; 0.009900990099009901; 4; 1; 16; [556, 594]; [380, 554, 555, 393]; [594]; [602]; {594}; {0101}; 26.0; none
208; 556; 594; 2; 2; 0.009900990099009901; 4; 1; 16; [556, 594]; [380, 554, 555, 393]; [594]; [602]; {594}; {0110}; 34.0; none
209; 556; 594; 2; 2; 0.009900990099009901; 4; 1; 16; [556, 594]; [380, 554, 555, 393]; [594]; [602]; {594}; {0111}; 30.0; 0000000100000000000000000000000000000000x
210; 556; 594; 2; 2; 0.009900990099009901; 4; 1; 16; [556, 594]; [380, 554, 555, 393]; [594]; [602]; {594}; {1000}; 27.0; 0000000100000000100111100100000000000000x
211; 556; 594; 2; 2; 0.009900990099009901; 4; 1; 16; [556, 594]; [380, 554, 555, 393]; [594]; [602]; {594}; {1001}; 31.0; 0000000000000000000000101000000000000000x
212; 556; 594; 2; 2; 0.009900990099009901; 4; 1; 16; [556, 594]; [380, 554, 555, 393]; [594]; [602]; {594}; {1010}; 29.0; none
213; 556; 594; 2; 2; 0.009900990099009901; 4; 1; 16; [556, 594]; [380, 554, 555, 393]; [594]; [602]; {594}; {1011}; 28.0; none
214; 556; 594; 2; 2; 0.009900990099009901; 4; 1; 16; [556, 594]; [380, 554, 555, 393]; [594]; [602]; {594}; {1100}; 30.0; none
215; 556; 594; 2; 2; 0.009900990099009901; 4; 1; 16; [556, 594]; [380, 554, 555, 393]; [594]; [602]; {594}; {1101}; 27.0; none
216; 556; 594; 2; 2; 0.009900990099009901; 4; 1; 16; [556, 594]; [380, 554, 555, 393]; [594]; [602]; {594}; {1110}; 23.0; none
217; 556; 594; 2; 2; 0.009900990099009901; 4; 1; 16; [556, 594]; [380, 554, 555, 393]; [594]; [602]; {594}; {1111}; 31.0; 0000000000000000000010101000100000000000x
218; 556; 602; 3; 3; 0.01485148514851485; 7; 1; 128; [556, 594, 602]; [380, 554, 555, 393, 595, 596, 597]; [602]; [620, 625, 630, 635]; {602}; {1111100}; 32.0; none
219; 557; 557; 1; 1; 0.0049504950495049506; 1; 1; 2; [557]; [354]; [557]; [595]; {557}; {0}; 29.0; none
220; 557; 595; 2; 2; 0.009900990099009901; 4; 1; 16; [557, 595]; [354, 558, 380, 559]; [595]; [602]; {595}; {0100}; 34.0; none
221; 557; 602; 3; 3; 0.01485148514851485; 7; 1; 128; [557, 595, 602]; [354, 558, 380, 559, 594, 596, 597]; [602]; [620, 625, 630, 635]; {602}; {1011001}; 31.0; none
222; 558; 558; 1; 1; 0.0049504950495049506; 1; 1; 2; [558]; [367]; [558]; [595]; {558}; {0}; 16.0; none
223; 558; 595; 2; 2; 0.009900990099009901; 4; 1; 16; [558, 595]; [367, 557, 380, 559]; [595]; [602]; {595}; {1010}; 16.0; 0000000000000000100010100000010000000000x
224; 558; 602; 3; 3; 0.01485148514851485; 7; 1; 128; [558, 595, 602]; [367, 557, 380, 559, 594, 596, 597]; [602]; [620, 625, 630, 635]; {602}; {0111001}; 44.0; none
225; 559; 559; 1; 1; 0.0049504950495049506; 1; 1; 2; [559]; [393]; [559]; [595]; {559}; {1}; 15.0; 0000000000000000000000000010010000000000x
226; 559; 595; 2; 2; 0.009900990099009901; 4; 1; 16; [559, 595]; [393, 557, 558, 380]; [595]; [602]; {595}; {1010}; 19.0; none
227; 559; 602; 3; 3; 0.01485148514851485; 7; 1; 128; [559, 595, 602]; [393, 557, 558, 380, 594, 596, 597]; [602]; [620, 625, 630, 635]; {602}; {1010111}; 36.0; none
228; 560; 560; 1; 1; 0.0049504950495049506; 1; 1; 2; [560]; [354]; [560]; [596]; {560}; {0}; 38.0; 0000000010000000100010100010000000000000x
229; 560; 596; 2; 2; 0.009900990099009901; 4; 1; 16; [560, 596]; [354, 367, 561, 562]; [596]; [602]; {596}; {1010}; 31.0; none
230; 560; 602; 3; 3; 0.01485148514851485; 7; 1; 128; [560, 596, 602]; [354, 367, 561, 562, 594, 595, 597]; [602]; [620, 625, 630, 635]; {602}; {0011000}; 29.0; none
231; 561; 561; 1; 1; 0.0049504950495049506; 1; 1; 2; [561]; [380]; [561]; [596]; {561}; {1}; 16.0; none
232; 561; 596; 2; 2; 0.009900990099009901; 4; 1; 16; [561, 596]; [380, 560, 367, 562]; [596]; [602]; {596}; {0101}; 27.0; none
233; 561; 602; 3; 3; 0.01485148514851485; 7; 1; 128; [561, 596, 602]; [380, 560, 367, 562, 594, 595, 597]; [602]; [620, 625, 630, 635]; {602}; {0011101}; 19.0; none
234; 562; 562; 1; 1; 0.0049504950495049506; 1; 1; 2; [562]; [393]; [562]; [596]; {562}; {1}; 50.0; none
235; 562; 596; 2; 2; 0.009900990099009901; 4; 1; 16; [562, 596]; [393, 560, 367, 561]; [596]; [602]; {596}; {1110}; 29.0; 0000010000000000000100100000000000000000x
236; 562; 602; 3; 3; 0.01485148514851485; 7; 1; 128; [562, 596, 602]; [393, 560, 367, 561, 594, 595, 597]; [602]; [620, 625, 630, 635]; {602}; {1010011}; 27.0; none
237; 563; 563; 1; 1; 0.0049504950495049506; 1; 1; 2; [563]; [367]; [563]; [597]; {563}; {1}; 28.0; 0000000000000000000000100101000100000000x
238; 563; 597; 2; 2; 0.009900990099009901; 4; 1; 16; [563, 597]; [367, 354, 564, 565]; [597]; [602]; {597}; {1110}; 33.0; none
239; 563; 602; 3; 3; 0.01485148514851485; 7; 1; 128; [563, 597, 602]; [367, 354, 564, 565, 594, 595, 596]; [602]; [620, 625, 630, 635]; {602}; {1100100}; 28.0; none
240; 564; 564; 1; 1; 0.0049504950495049506; 1; 1; 2; [564]; [380]; [564]; [597]; {564}; {1}; 29.0; none
241; 564; 597; 2; 2; 0.009900990099009901; 4; 1; 16; [564, 597]; [380, 354, 563, 565]; [597]; [602]; {597}; {0000}; 30.0; none
242; 564; 602; 3; 3; 0.01485148514851485; 7; 1; 128; [564, 597, 602]; [380, 354, 563, 565, 594, 595, 596]; [602]; [620, 625, 630, 635]; {602}; {1100111}; 29.0; none
243; 565; 565; 1; 1; 0.0049504950495049506; 1; 1; 2; [565]; [393]; [565]; [597]; {565}; {0}; 28.0; 0000010000000000000010110000010000000000x
244; 565; 597; 2; 2; 0.009900990099009901; 4; 1; 16; [565, 597]; [393, 354, 563, 564]; [597]; [602]; {597}; {0000}; 27.0; none
245; 565; 597; 2; 2; 0.009900990099009901; 4; 1; 16; [565, 597]; [393, 354, 563, 564]; [597]; [602]; {597}; {0001}; 27.0; none
246; 565; 597; 2; 2; 0.009900990099009901; 4; 1; 16; [565, 597]; [393, 354, 563, 564]; [597]; [602]; {597}; {0010}; 25.0; none
247; 565; 597; 2; 2; 0.009900990099009901; 4; 1; 16; [565, 597]; [393, 354, 563, 564]; [597]; [602]; {597}; {0011}; 30.0; none
248; 565; 597; 2; 2; 0.009900990099009901; 4; 1; 16; [565, 597]; [393, 354, 563, 564]; [597]; [602]; {597}; {0100}; 31.0; none
249; 565; 597; 2; 2; 0.009900990099009901; 4; 1; 16; [565, 597]; [393, 354, 563, 564]; [597]; [602]; {597}; {0101}; 27.0; 0000000000000000000100001000000000000000x
250; 565; 597; 2; 2; 0.009900990099009901; 4; 1; 16; [565, 597]; [393, 354, 563, 564]; [597]; [602]; {597}; {0110}; 26.0; none
251; 565; 597; 2; 2; 0.009900990099009901; 4; 1; 16; [565, 597]; [393, 354, 563, 564]; [597]; [602]; {597}; {0111}; 31.0; 0000100000000000000000000011000000000000x
252; 565; 597; 2; 2; 0.009900990099009901; 4; 1; 16; [565, 597]; [393, 354, 563, 564]; [597]; [602]; {597}; {1000}; 28.0; 0000100000000000100100100100000000000000x
253; 565; 597; 2; 2; 0.009900990099009901; 4; 1; 16; [565, 597]; [393, 354, 563, 564]; [597]; [602]; {597}; {1001}; 32.0; none
254; 565; 597; 2; 2; 0.009900990099009901; 4; 1; 16; [565, 597]; [393, 354, 563, 564]; [597]; [602]; {597}; {1010}; 37.0; 0000000000000000000000000100001000000000x
255; 565; 597; 2; 2; 0.009900990099009901; 4; 1; 16; [565, 597]; [393, 354, 563, 564]; [597]; [602]; {597}; {1011}; 32.0; none
256; 565; 597; 2; 2; 0.009900990099009901; 4; 1; 16; [565, 597]; [393, 354, 563, 564]; [597]; [602]; {597}; {1100}; 28.0; 0000000000000000000100001100100000000000x
257; 565; 597; 2; 2; 0.009900990099009901; 4; 1; 16; [565, 597]; [393, 354, 563, 564]; [597]; [602]; {597}; {1101}; 25.0; none
258; 565; 597; 2; 2; 0.009900990099009901; 4; 1; 16; [565, 597]; [393, 354, 563, 564]; [597]; [602]; {597}; {1110}; 31.0; 0000100000000000100000100101000000000000x
259; 565; 597; 2; 2; 0.009900990099009901; 4; 1; 16; [565, 597]; [393, 354, 563, 564]; [597]; [602]; {597}; {1111}; 27.0; none
260; 565; 602; 3; 3; 0.01485148514851485; 7; 1; 128; [565, 597, 602]; [393, 354, 563, 564, 594, 595, 596]; [602]; [620, 625, 630, 635]; {602}; {1101111}; 25.0; none
261; 566; 566; 1; 1; 0.0049504950495049506; 1; 1; 2; [566]; [419]; [566]; [620]; {566}; {0}; 27.0; 00000011000000001010000010001000001000001
262; 566; 566; 1; 1; 0.0049504950495049506; 1; 1; 2; [566]; [419]; [566]; [620]; {566}; {1}; 27.0; 00000000000001101110100000001000001000001
263; 566; 620; 2; 2; 0.009900990099009901; 5; 1; 32; [566, 620]; [419, 406, 432, 567, 602]; [620]; [692, 693, 694, 695]; {620}; {11011}; 27.0; 00000000000000001100000000000000001000001
264; 567; 567; 1; 1; 0.0049504950495049506; 1; 1; 2; [567]; [445]; [567]; [620]; {567}; {0}; 30.0; 00000011000000001010000010001000001000001
265; 567; 620; 2; 2; 0.009900990099009901; 5; 1; 32; [567, 620]; [445, 406, 566, 432, 602]; [620]; [692, 693, 694, 695]; {620}; {10000}; 27.0; 0000000000000000010100000001000100000000x
266; 568; 568; 1; 1; 0.0049504950495049506; 1; 1; 2; [568]; [419]; [568]; [625]; {568}; {1}; 28.0; 0000001000000110110110001001100000000000x
267; 568; 625; 2; 2; 0.009900990099009901; 5; 1; 32; [568, 625]; [419, 406, 569, 445, 602]; [625]; [696, 697, 698, 699]; {625}; {00101}; 27.0; 00000000000000000000000000000000001000001
268; 569; 569; 1; 1; 0.0049504950495049506; 1; 1; 2; [569]; [432]; [569]; [625]; {569}; {1}; 27.0; 0000001000000110101110001001100000000000x
269; 569; 625; 2; 2; 0.009900990099009901; 5; 1; 32; [569, 625]; [432, 406, 568, 445, 602]; [625]; [696, 697, 698, 699]; {625}; {11110}; 28.0; 00000000000000001011000001000100001000001
270; 570; 570; 1; 1; 0.0049504950495049506; 1; 1; 2; [570]; [406]; [570]; [630]; {570}; {1}; 28.0; 00000000000001101110010000000100001000001
271; 570; 630; 2; 2; 0.009900990099009901; 5; 1; 32; [570, 630]; [406, 419, 432, 571, 602]; [630]; [700, 701, 702, 703]; {630}; {01011}; 27.0; none
272; 571; 571; 1; 1; 0.0049504950495049506; 1; 1; 2; [571]; [445]; [571]; [630]; {571}; {1}; 28.0; 00000000000001100111010000000100001000001
273; 571; 630; 2; 2; 0.009900990099009901; 5; 1; 32; [571, 630]; [445, 570, 419, 432, 602]; [630]; [700, 701, 702, 703]; {630}; {01111}; 34.0; 00000000000000001111100100000000001000001
274; 572; 572; 1; 1; 0.0049504950495049506; 1; 1; 2; [572]; [406]; [572]; [635]; {572}; {0}; 25.0; 00000011000000000101000001000100001000001
275; 572; 635; 2; 2; 0.009900990099009901; 5; 1; 32; [572, 635]; [406, 419, 573, 445, 602]; [635]; [704, 705, 706, 707]; {635}; {11111}; 46.0; none
276; 573; 573; 1; 1; 0.0049504950495049506; 1; 1; 2; [573]; [432]; [573]; [635]; {573}; {1}; 40.0; 00000000000001100111010000000100001000001
277; 573; 635; 2; 2; 0.009900990099009901; 5; 1; 32; [573, 635]; [432, 572, 419, 445, 602]; [635]; [704, 705, 706, 707]; {635}; {11100}; 30.0; 0000000000000000011000000010001000000000x
278; 574; 574; 1; 1; 0.0049504950495049506; 1; 1; 2; [574]; [406]; [574]; [598]; {574}; {0}; 29.0; none
279; 574; 598; 2; 2; 0.009900990099009901; 4; 1; 16; [574, 598]; [406, 575, 576, 445]; [598]; [607]; {598}; {1010}; 31.0; 0001000010000000000000000000000000000000x
280; 574; 607; 3; 3; 0.01485148514851485; 7; 1; 128; [574, 598, 607]; [406, 575, 576, 445, 599, 600, 601]; [607]; [640, 645, 650, 655]; {607}; {0010100}; 36.0; none
281; 575; 575; 1; 1; 0.0049504950495049506; 1; 1; 2; [575]; [419]; [575]; [598]; {575}; {0}; 31.0; none
282; 575; 598; 2; 2; 0.009900990099009901; 4; 1; 16; [575, 598]; [419, 574, 576, 445]; [598]; [607]; {598}; {0011}; 27.0; none
283; 575; 607; 3; 3; 0.01485148514851485; 7; 1; 128; [575, 598, 607]; [419, 574, 576, 445, 599, 600, 601]; [607]; [640, 645, 650, 655]; {607}; {0100110}; 28.0; none
284; 576; 576; 1; 1; 0.0049504950495049506; 1; 1; 2; [576]; [432]; [576]; [598]; {576}; {0}; 32.0; none
285; 576; 598; 2; 2; 0.009900990099009901; 4; 1; 16; [576, 598]; [432, 574, 575, 445]; [598]; [607]; {598}; {0111}; 28.0; 0000000000000000000000010000000000000000x
286; 576; 607; 3; 3; 0.01485148514851485; 7; 1; 128; [576, 598, 607]; [432, 574, 575, 445, 599, 600, 601]; [607]; [640, 645, 650, 655]; {607}; {0010100}; 25.0; none
287; 577; 577; 1; 1; 0.0049504950495049506; 1; 1; 2; [577]; [406]; [577]; [599]; {577}; {0}; 25.0; none
288; 577; 599; 2; 2; 0.009900990099009901; 4; 1; 16; [577, 599]; [406, 578, 432, 579]; [599]; [607]; {599}; {1011}; 30.0; 0000101100000100000000100000000000000000x
289; 577; 607; 3; 3; 0.01485148514851485; 7; 1; 128; [577, 599, 607]; [406, 578, 432, 579, 598, 600, 601]; [607]; [640, 645, 650, 655]; {607}; {1011010}; 32.0; none
290; 578; 578; 1; 1; 0.0049504950495049506; 1; 1; 2; [578]; [419]; [578]; [599]; {578}; {0}; 30.0; none
291; 578; 599; 2; 2; 0.009900990099009901; 4; 1; 16; [578, 599]; [419, 577, 432, 579]; [599]; [607]; {599}; {1000}; 28.0; 1000000000000100000000100000000000000000x
292; 578; 607; 3; 3; 0.01485148514851485; 7; 1; 128; [578, 599, 607]; [419, 577, 432, 579, 598, 600, 601]; [607]; [640, 645, 650, 655]; {607}; {1001000}; 27.0; 0000001000001000000000000000000000000000x
293; 579; 579; 1; 1; 0.0049504950495049506; 1; 1; 2; [579]; [445]; [579]; [599]; {579}; {1}; 32.0; 0000000000100100000000000000000000000000x
294; 579; 599; 2; 2; 0.009900990099009901; 4; 1; 16; [579, 599]; [445, 577, 578, 432]; [599]; [607]; {599}; {0100}; 28.0; none
295; 579; 607; 3; 3; 0.01485148514851485; 7; 1; 128; [579, 599, 607]; [445, 577, 578, 432, 598, 600, 601]; [607]; [640, 645, 650, 655]; {607}; {0000101}; 25.0; none
296; 580; 580; 1; 1; 0.0049504950495049506; 1; 1; 2; [580]; [406]; [580]; [600]; {580}; {0}; 30.0; 1000101000100000000000001000000000000000x
297; 580; 600; 2; 2; 0.009900990099009901; 4; 1; 16; [580, 600]; [406, 419, 581, 582]; [600]; [607]; {600}; {0011}; 30.0; none
298; 580; 607; 3; 3; 0.01485148514851485; 7; 1; 128; [580, 600, 607]; [406, 419, 581, 582, 598, 599, 601]; [607]; [640, 645, 650, 655]; {607}; {1001101}; 28.0; none
299; 581; 581; 1; 1; 0.0049504950495049506; 1; 1; 2; [581]; [432]; [581]; [600]; {581}; {1}; 29.0; none
300; 581; 600; 2; 2; 0.009900990099009901; 4; 1; 16; [581, 600]; [432, 580, 419, 582]; [600]; [607]; {600}; {1000}; 30.0; 1000101000000001000001000000000000000000x
301; 581; 607; 3; 3; 0.01485148514851485; 7; 1; 128; [581, 600, 607]; [432, 580, 419, 582, 598, 599, 601]; [607]; [640, 645, 650, 655]; {607}; {1011110}; 30.0; none
302; 582; 582; 1; 1; 0.0049504950495049506; 1; 1; 2; [582]; [445]; [582]; [600]; {582}; {0}; 28.0; 0000101100000100000010000000000000000000x
303; 582; 600; 2; 2; 0.009900990099009901; 4; 1; 16; [582, 600]; [445, 580, 419, 581]; [600]; [607]; {600}; {1111}; 28.0; none
304; 582; 607; 3; 3; 0.01485148514851485; 7; 1; 128; [582, 600, 607]; [445, 580, 419, 581, 598, 599, 601]; [607]; [640, 645, 650, 655]; {607}; {0110000}; 31.0; none
305; 583; 583; 1; 1; 0.0049504950495049506; 1; 1; 2; [583]; [419]; [583]; [601]; {583}; {0}; 28.0; none
306; 583; 601; 2; 2; 0.009900990099009901; 4; 1; 16; [583, 601]; [419, 406, 584, 585]; [601]; [607]; {601}; {0101}; 30.0; none
307; 583; 607; 3; 3; 0.01485148514851485; 7; 1; 128; [583, 601, 607]; [419, 406, 584, 585, 598, 599, 600]; [607]; [640, 645, 650, 655]; {607}; {1111011}; 29.0; none
308; 584; 584; 1; 1; 0.0049504950495049506; 1; 1; 2; [584]; [432]; [584]; [601]; {584}; {1}; 28.0; none
309; 584; 601; 2; 2; 0.009900990099009901; 4; 1; 16; [584, 601]; [432, 406, 583, 585]; [601]; [607]; {601}; {1111}; 31.0; none
310; 584; 607; 3; 3; 0.01485148514851485; 7; 1; 128; [584, 601, 607]; [432, 406, 583, 585, 598, 599, 600]; [607]; [640, 645, 650, 655]; {607}; {1100111}; 36.0; none
311; 585; 585; 1; 1; 0.0049504950495049506; 1; 1; 2; [585]; [445]; [585]; [601]; {585}; {1}; 27.0; none
312; 585; 601; 2; 2; 0.009900990099009901; 4; 1; 16; [585, 601]; [445, 406, 583, 584]; [601]; [607]; {601}; {0001}; 30.0; none
313; 585; 607; 3; 3; 0.01485148514851485; 7; 1; 128; [585, 601, 607]; [445, 406, 583, 584, 598, 599, 600]; [607]; [640, 645, 650, 655]; {607}; {0100110}; 27.0; none
314; 586; 586; 1; 1; 0.0049504950495049506; 1; 1; 2; [586]; [367]; [586]; [640]; {586}; {0}; 30.0; 10100000100010000000001100000000000000101
315; 586; 640; 2; 2; 0.009900990099009901; 5; 1; 32; [586, 640]; [367, 354, 380, 587, 607]; [640]; [708, 709, 710, 711]; {640}; {01110}; 31.0; 1010000001000100000000000000000000000000x
316; 587; 587; 1; 1; 0.0049504950495049506; 1; 1; 2; [587]; [393]; [587]; [640]; {587}; {0}; 29.0; 10100000100010000000001100000000000000101
317; 587; 640; 2; 2; 0.009900990099009901; 5; 1; 32; [587, 640]; [393, 354, 586, 380, 607]; [640]; [708, 709, 710, 711]; {640}; {01010}; 33.0; 11100000010001000000000000000000000000101
318; 588; 588; 1; 1; 0.0049504950495049506; 1; 1; 2; [588]; [367]; [588]; [645]; {588}; {1}; 33.0; 1101100010011000000000100000011000000000x
319; 588; 645; 2; 2; 0.009900990099009901; 5; 1; 32; [588, 645]; [367, 354, 589, 393, 607]; [645]; [712, 713, 714, 715]; {645}; {11110}; 28.0; 11010000010001000000000000000000000000101
320; 589; 589; 1; 1; 0.0049504950495049506; 1; 1; 2; [589]; [380]; [589]; [645]; {589}; {1}; 30.0; 1011100010011000000000100000011000000000x
321; 589; 645; 2; 2; 0.009900990099009901; 5; 1; 32; [589, 645]; [380, 354, 588, 393, 607]; [645]; [712, 713, 714, 715]; {645}; {01011}; 30.0; none
322; 590; 590; 1; 1; 0.0049504950495049506; 1; 1; 2; [590]; [354]; [590]; [650]; {590}; {1}; 29.0; 11100100000001000000000000000110000000101
323; 590; 650; 2; 2; 0.009900990099009901; 5; 1; 32; [590, 650]; [354, 367, 380, 591, 607]; [650]; [716, 717, 718, 719]; {650}; {11001}; 30.0; none
324; 591; 591; 1; 1; 0.0049504950495049506; 1; 1; 2; [591]; [393]; [591]; [650]; {591}; {1}; 29.0; 01110100000001000000000000000110000000101
325; 591; 650; 2; 2; 0.009900990099009901; 5; 1; 32; [591, 650]; [393, 590, 367, 380, 607]; [650]; [716, 717, 718, 719]; {650}; {01111}; 27.0; 11111001000000000000000000000000000000101
326; 592; 592; 1; 1; 0.0049504950495049506; 1; 1; 2; [592]; [354]; [592]; [655]; {592}; {1}; 26.0; 11010100000001000000000000000110000000101
327; 592; 655; 2; 2; 0.009900990099009901; 5; 1; 32; [592, 655]; [354, 367, 593, 393, 607]; [655]; [720, 721, 722, 723]; {655}; {01110}; 28.0; 0101000010001000000000000000000000000000x
328; 593; 593; 1; 1; 0.0049504950495049506; 1; 1; 2; [593]; [380]; [593]; [655]; {593}; {1}; 31.0; 01110100000001000000000000000110000000101
329; 593; 655; 2; 2; 0.009900990099009901; 5; 1; 32; [593, 655]; [380, 592, 367, 393, 607]; [655]; [720, 721, 722, 723]; {655}; {00110}; 28.0; 11010000100010000000000000000000000000101
330; 594; 594; 1; 1; 0.0049504950495049506; 4; 1; 16; [594]; [554, 555, 556, 393]; [594]; [602]; {594}; {1010}; 28.0; none
331; 594; 602; 2; 2; 0.009900990099009901; 7; 1; 128; [594, 602]; [554, 555, 556, 393, 595, 596, 597]; [602]; [620, 625, 630, 635]; {602}; {1011001}; 30.0; none
332; 595; 595; 1; 1; 0.0049504950495049506; 4; 1; 16; [595]; [557, 558, 380, 559]; [595]; [602]; {595}; {1110}; 29.0; 0000000000000000000010101000100000000000x
333; 595; 602; 2; 2; 0.009900990099009901; 7; 1; 128; [595, 602]; [557, 558, 380, 559, 594, 596, 597]; [602]; [620, 625, 630, 635]; {602}; {0010011}; 27.0; none
334; 596; 596; 1; 1; 0.0049504950495049506; 4; 1; 16; [596]; [560, 367, 561, 562]; [596]; [602]; {596}; {1011}; 26.0; none
335; 596; 602; 2; 2; 0.009900990099009901; 7; 1; 128; [596, 602]; [560, 367, 561, 562, 594, 595, 597]; [602]; [620, 625, 630, 635]; {602}; {1001100}; 29.0; none
336; 597; 597; 1; 1; 0.0049504950495049506; 4; 1; 16; [597]; [354, 563, 564, 565]; [597]; [602]; {597}; {0101}; 30.0; none
337; 597; 602; 2; 2; 0.009900990099009901; 7; 1; 128; [597, 602]; [354, 563, 564, 565, 594, 595, 596]; [602]; [620, 625, 630, 635]; {602}; {0000011}; 33.0; none
338; 598; 598; 1; 1; 0.0049504950495049506; 4; 1; 16; [598]; [574, 575, 576, 445]; [598]; [607]; {598}; {0101}; 29.0; none
339; 598; 607; 2; 2; 0.009900990099009901; 7; 1; 128; [598, 607]; [574, 575, 576, 445, 599, 600, 601]; [607]; [640, 645, 650, 655]; {607}; {0010101}; 27.0; none
340; 599; 599; 1; 1; 0.0049504950495049506; 4; 1; 16; [599]; [577, 578, 432, 579]; [599]; [607]; {599}; {1000}; 32.0; none
341; 599; 607; 2; 2; 0.009900990099009901; 7; 1; 128; [599, 607]; [577, 578, 432, 579, 598, 600, 601]; [607]; [640, 645, 650, 655]; {607}; {1010111}; 33.0; none
342; 600; 600; 1; 1; 0.0049504950495049506; 4; 1; 16; [600]; [580, 419, 581, 582]; [600]; [607]; {600}; {0101}; 41.0; 1001111001000000000000010000000000000000x
343; 600; 607; 2; 2; 0.009900990099009901; 7; 1; 128; [600, 607]; [580, 419, 581, 582, 598, 599, 601]; [607]; [640, 645, 650, 655]; {607}; {0111110}; 35.0; none
344; 601; 601; 1; 1; 0.0049504950495049506; 4; 1; 16; [601]; [406, 583, 584, 585]; [601]; [607]; {601}; {0110}; 32.0; none
345; 601; 607; 2; 2; 0.009900990099009901; 7; 1; 128; [601, 607]; [406, 583, 584, 585, 598, 599, 600]; [607]; [640, 645, 650, 655]; {607}; {1010100}; 33.0; none
346; 602; 602; 1; 1; 0.0049504950495049506; 4; 1; 16; [602]; [594, 595, 596, 597]; [602]; [620, 625, 630, 635]; {602}; {0100}; 21.0; none
347; 607; 607; 1; 1; 0.0049504950495049506; 4; 1; 16; [607]; [598, 599, 600, 601]; [607]; [640, 645, 650, 655]; {607}; {0100}; 27.0; none
348; 620; 620; 1; 1; 0.0049504950495049506; 5; 1; 32; [620]; [406, 566, 432, 567, 602]; [620]; [692, 693, 694, 695]; {620}; {10110}; 41.0; 00000000000000001110000010001000001000001
349; 625; 625; 1; 1; 0.0049504950495049506; 5; 1; 32; [625]; [406, 568, 569, 445, 602]; [625]; [696, 697, 698, 699]; {625}; {00100}; 40.0; 00000000000000000100000010001000001000001
350; 630; 630; 1; 1; 0.0049504950495049506; 5; 1; 32; [630]; [570, 419, 432, 571, 602]; [630]; [700, 701, 702, 703]; {630}; {10111}; 36.0; none
351; 635; 635; 1; 1; 0.0049504950495049506; 5; 1; 32; [635]; [572, 419, 573, 445, 602]; [635]; [704, 705, 706, 707]; {635}; {11011}; 35.0; none
352; 640; 640; 1; 1; 0.0049504950495049506; 5; 1; 32; [640]; [354, 586, 380, 587, 607]; [640]; [708, 709, 710, 711]; {640}; {11100}; 34.0; 10110000100010000000000000000000000000101
353; 645; 645; 1; 1; 0.0049504950495049506; 5; 1; 32; [645]; [354, 588, 589, 393, 607]; [645]; [712, 713, 714, 715]; {645}; {10101}; 35.0; 11000000000000000000000000000000000000101
354; 650; 650; 1; 1; 0.0049504950495049506; 5; 1; 32; [650]; [590, 367, 380, 591, 607]; [650]; [716, 717, 718, 719]; {650}; {10011}; 31.0; 00000000000000000000000000000000000000101
355; 655; 655; 1; 1; 0.0049504950495049506; 5; 1; 32; [655]; [592, 367, 593, 393, 607]; [655]; [720, 721, 722, 723]; {655}; {00010}; 24.0; 10110000100010000000000000000000000000101
356; 692; 692; 1; 1; 0.0049504950495049506; 2; 1; 4; [692]; [354, 620]; [692]; [724]; {692}; {01}; 23.0; none
357; 692; 724; 2; 2; 0.009900990099009901; 3; 1; 8; [692, 724]; [354, 620, 1]; [724]; []; {724}; {111}; 31.0; 1110000001100000000000000000000000000000x
358; 693; 693; 1; 1; 0.0049504950495049506; 2; 1; 4; [693]; [367, 620]; [693]; [725]; {693}; {01}; 37.0; none
359; 693; 725; 2; 2; 0.009900990099009901; 3; 1; 8; [693, 725]; [367, 620, 5]; [725]; []; {725}; {110}; 39.0; 1010001010000100000000000000000000000000x
360; 694; 694; 1; 1; 0.0049504950495049506; 2; 1; 4; [694]; [380, 620]; [694]; [726]; {694}; {00}; 46.0; 00000000xx0xxx0x00000xxx00000xxxxx0x0xxxx
361; 694; 726; 2; 2; 0.009900990099009901; 3; 1; 8; [694, 726]; [380, 620, 9]; [726]; []; {726}; {010}; 35.0; 0000000101000100000000000000000000000000x
362; 695; 695; 1; 1; 0.0049504950495049506; 2; 1; 4; [695]; [393, 620]; [695]; [727]; {695}; {10}; 31.0; 00000000xxx0xxx00xxx00000xxx0100xxx00xxxx
363; 695; 727; 2; 2; 0.009900990099009901; 3; 1; 8; [695, 727]; [393, 620, 13]; [727]; []; {727}; {010}; 31.0; 0000001001000100000000000000000000000000x
364; 696; 696; 1; 1; 0.0049504950495049506; 2; 1; 4; [696]; [354, 625]; [696]; [728]; {696}; {10}; 48.0; 100000000xxx0000000000000xx00xx00xxx0xx0x
365; 696; 728; 2; 2; 0.009900990099009901; 3; 1; 8; [696, 728]; [354, 625, 17]; [728]; []; {728}; {111}; 30.0; 1100111001101100000000000000000000000000x
366; 697; 697; 1; 1; 0.0049504950495049506; 2; 1; 4; [697]; [367, 625]; [697]; [729]; {697}; {10}; 31.0; 01000000x0xx00000xx00xx000000000x0xx0xx0x
367; 697; 729; 2; 2; 0.009900990099009901; 3; 1; 8; [697, 729]; [367, 625, 21]; [729]; []; {729}; {100}; 31.0; 01000000x0xx00000xx00xx000000000x0xx0xx0x
368; 698; 698; 1; 1; 0.0049504950495049506; 2; 1; 4; [698]; [380, 625]; [698]; [730]; {698}; {10}; 31.0; 00100000xx0x000000000xx000000xx0xx0x0xx0x
369; 698; 730; 2; 2; 0.009900990099009901; 3; 1; 8; [698, 730]; [380, 625, 25]; [730]; []; {730}; {001}; 31.0; 00100011xx0x000000000xx000000xx0xx0x0xx0x
370; 699; 699; 1; 1; 0.0049504950495049506; 2; 1; 4; [699]; [393, 625]; [699]; [731]; {699}; {00}; 37.0; 00000000xxx0xxx00xxx00000xxx0000xxx00xxxx
371; 699; 731; 2; 2; 0.009900990099009901; 3; 1; 8; [699, 731]; [393, 625, 29]; [731]; []; {731}; {111}; 35.0; 0001001101110100000000000000000000000000x
372; 700; 700; 1; 1; 0.0049504950495049506; 2; 1; 4; [700]; [354, 630]; [700]; [732]; {700}; {11}; 32.0; 0000000010000000000000000000000000000000x
373; 700; 732; 2; 2; 0.009900990099009901; 3; 1; 8; [700, 732]; [354, 630, 33]; [732]; []; {732}; {100}; 42.0; 1xxx0xxx0000000000000000x0xxx0xx0xxxx0xxx
374; 701; 701; 1; 1; 0.0049504950495049506; 2; 1; 4; [701]; [367, 630]; [701]; [733]; {701}; {11}; 16.0; 0000000001000000000000000000000000000000x
375; 701; 733; 2; 2; 0.009900990099009901; 3; 1; 8; [701, 733]; [367, 630, 37]; [733]; []; {733}; {000}; 31.0; x0xxx0xx00000000x0xxx0xx00000000x0xxx0xxx
376; 702; 702; 1; 1; 0.0049504950495049506; 2; 1; 4; [702]; [380, 630]; [702]; [734]; {702}; {10}; 41.0; xx1xxx0x000000000000x0xx0000x0xxxx0xx0xxx
377; 702; 734; 2; 2; 0.009900990099009901; 3; 1; 8; [702, 734]; [380, 630, 41]; [734]; []; {734}; {000}; 38.0; xx0xxx0x000000000000x0xx0000x0xxxx0xx0xxx
378; 703; 703; 1; 1; 0.0049504950495049506; 2; 1; 4; [703]; [393, 630]; [703]; [735]; {703}; {10}; 19.0; xxx1xxx000000000x0xx0000x0xx0000xxx0x0xxx
379; 703; 735; 2; 2; 0.009900990099009901; 3; 1; 8; [703, 735]; [393, 630, 45]; [735]; []; {735}; {110}; 25.0; 0000000001000101000000000000000000000000x
380; 704; 704; 1; 1; 0.0049504950495049506; 2; 1; 4; [704]; [354, 635]; [704]; [736]; {704}; {10}; 40.0; 1xxx0xxx0000000000000000x0xxx0xx0xxxx0xxx
381; 704; 736; 2; 2; 0.009900990099009901; 3; 1; 8; [704, 736]; [354, 635, 49]; [736]; []; {736}; {101}; 27.0; 1xxx00001000110000000000x0x0x0x00xxxx0x0x
382; 705; 705; 1; 1; 0.0049504950495049506; 2; 1; 4; [705]; [367, 635]; [705]; [737]; {705}; {11}; 31.0; 0000000000000100000000000000000000000000x
383; 705; 737; 2; 2; 0.009900990099009901; 3; 1; 8; [705, 737]; [367, 635, 53]; [737]; []; {737}; {011}; 26.0; 0000000000001110000001000100000000000000x
384; 706; 706; 1; 1; 0.0049504950495049506; 2; 1; 4; [706]; [380, 635]; [706]; [738]; {706}; {01}; 21.0; none
385; 706; 738; 2; 2; 0.009900990099009901; 3; 1; 8; [706, 738]; [380, 635, 57]; [738]; []; {738}; {110}; 15.0; 0100001001000000000000000000000000000000x
386; 707; 707; 1; 1; 0.0049504950495049506; 2; 1; 4; [707]; [393, 635]; [707]; [739]; {707}; {10}; 31.0; xxx1xxx000000000x0xx0000x0xx0000xxx0x0xxx
387; 707; 739; 2; 2; 0.009900990099009901; 3; 1; 8; [707, 739]; [393, 635, 61]; [739]; []; {739}; {111}; 28.0; 0100010000100011000000000000000000000000x
388; 708; 708; 1; 1; 0.0049504950495049506; 2; 1; 4; [708]; [406, 640]; [708]; [740]; {708}; {01}; 35.0; none
389; 708; 740; 2; 2; 0.009900990099009901; 3; 1; 8; [708, 740]; [406, 640, 65]; [740]; []; {740}; {110}; 29.0; 0000000000000000010000000000110000000000x
390; 709; 709; 1; 1; 0.0049504950495049506; 2; 1; 4; [709]; [419, 640]; [709]; [741]; {709}; {01}; 45.0; none
391; 709; 741; 2; 2; 0.009900990099009901; 3; 1; 8; [709, 741]; [419, 640, 69]; [741]; []; {741}; {010}; 34.0; 0000000000000000100000000000000000000000x
392; 710; 710; 1; 1; 0.0049504950495049506; 2; 1; 4; [710]; [432, 640]; [710]; [742]; {710}; {00}; 38.0; 00000xxx00000xxx00000000xx0xxx0x0xxxxx0xx
393; 710; 742; 2; 2; 0.009900990099009901; 3; 1; 8; [710, 742]; [432, 640, 73]; [742]; []; {742}; {110}; 31.0; 0000000000000000110010000100001000000000x
394; 711; 711; 1; 1; 0.0049504950495049506; 2; 1; 4; [711]; [445, 640]; [711]; [743]; {711}; {00}; 20.0; 0xxx00000xxx000000000000xxx0xxx00xxxxxx0x
395; 711; 743; 2; 2; 0.009900990099009901; 3; 1; 8; [711, 743]; [445, 640, 77]; [743]; []; {743}; {100}; 32.0; 0x0x00000x0x0000000000010000xxx00x0xxxx0x
396; 712; 712; 1; 1; 0.0049504950495049506; 2; 1; 4; [712]; [406, 645]; [712]; [744]; {712}; {11}; 26.0; 0000000000000000000010000000000000000000x
397; 712; 744; 2; 2; 0.009900990099009901; 3; 1; 8; [712, 744]; [406, 645, 81]; [744]; []; {744}; {010}; 32.0; 0000000000000000010000000010001000000000x
398; 713; 713; 1; 1; 0.0049504950495049506; 2; 1; 4; [713]; [419, 645]; [713]; [745]; {713}; {11}; 21.0; 0000000000000000000001000000000000000000x
399; 713; 745; 2; 2; 0.009900990099009901; 3; 1; 8; [713, 745]; [419, 645, 85]; [745]; []; {745}; {011}; 27.0; 0000100000001000100011000010001000000000x
400; 714; 714; 1; 1; 0.0049504950495049506; 2; 1; 4; [714]; [432, 645]; [714]; [746]; {714}; {10}; 27.0; 00000xx000000xx000100000xx0x00000xx0xx0xx
401; 714; 746; 2; 2; 0.009900990099009901; 3; 1; 8; [714, 746]; [432, 645, 89]; [746]; []; {746}; {010}; 31.0; 0000000000000000000000010000000000000000x
402; 715; 715; 1; 1; 0.0049504950495049506; 2; 1; 4; [715]; [445, 645]; [715]; [747]; {715}; {10}; 31.0; 0xx000000xx0000000010000xxx000000xx0xxx0x
403; 715; 747; 2; 2; 0.009900990099009901; 3; 1; 8; [715, 747]; [445, 645, 93]; [747]; []; {747}; {111}; 33.0; 0000000000000000000100110111010000000000x
404; 716; 716; 1; 1; 0.0049504950495049506; 2; 1; 4; [716]; [406, 650]; [716]; [748]; {716}; {10}; 29.0; 00000000x0xxx0xx1xxx0xxx00000000x0xx0xxxx
405; 716; 748; 2; 2; 0.009900990099009901; 3; 1; 8; [716, 748]; [406, 650, 97]; [748]; []; {748}; {000}; 34.0; 00000000x0xxx0xx0xxx0xxx00000000x0xx0xxxx
406; 717; 717; 1; 1; 0.0049504950495049506; 2; 1; 4; [717]; [419, 650]; [717]; [749]; {717}; {00}; 20.0; x0xxx0xx00000000x0xxx0xx00000000x0xxx0xxx
407; 717; 749; 2; 2; 0.009900990099009901; 3; 1; 8; [717, 749]; [419, 650, 101]; [749]; []; {749}; {000}; 31.0; x0xxx0xx00000000x0xxx0xx00000000x0xxx0xxx
408; 718; 718; 1; 1; 0.0049504950495049506; 2; 1; 4; [718]; [432, 650]; [718]; [750]; {718}; {10}; 29.0; 0000x0xx0000x0xxxx1xxx0x00000000x0xxxx0xx
409; 718; 750; 2; 2; 0.009900990099009901; 3; 1; 8; [718, 750]; [432, 650, 105]; [750]; []; {750}; {110}; 42.0; 0000000000000000110010100100000000000000x
410; 719; 719; 1; 1; 0.0049504950495049506; 2; 1; 4; [719]; [445, 650]; [719]; [751]; {719}; {01}; 45.0; none
411; 719; 751; 2; 2; 0.009900990099009901; 3; 1; 8; [719, 751]; [445, 650, 109]; [751]; []; {751}; {001}; 35.0; x00x0000x00x00000000xxx000110001x00xxxx0x
412; 720; 720; 1; 1; 0.0049504950495049506; 2; 1; 4; [720]; [406, 655]; [720]; [752]; {720}; {11}; 17.0; 0000000000000000000000000000100000000000x
413; 720; 752; 2; 2; 0.009900990099009901; 3; 1; 8; [720, 752]; [406, 655, 113]; [752]; []; {752}; {000}; 21.0; 00000000x0xxx0xx0xxx0xxx00000000x0xx0xxxx
414; 721; 721; 1; 1; 0.0049504950495049506; 2; 1; 4; [721]; [419, 655]; [721]; [753]; {721}; {10}; 27.0; x0xxx0xx00000000x1xxx0xx00000000x0xxx0xxx
415; 721; 753; 2; 2; 0.009900990099009901; 3; 1; 8; [721, 753]; [419, 655, 117]; [753]; []; {753}; {010}; 26.0; 0000000000000000000000000000001000000000x
416; 722; 722; 1; 1; 0.0049504950495049506; 2; 1; 4; [722]; [432, 655]; [722]; [754]; {722}; {11}; 31.0; 0000000000000000000000000000001000000000x
417; 722; 754; 2; 2; 0.009900990099009901; 3; 1; 8; [722, 754]; [432, 655, 121]; [754]; []; {754}; {000}; 29.0; 0000x0xx0000x0xxxx0xxx0x00000000x0xxxx0xx
418; 723; 723; 1; 1; 0.0049504950495049506; 2; 1; 4; [723]; [445, 655]; [723]; [755]; {723}; {11}; 30.0; 0000000000000000000000000000000100000000x
419; 723; 755; 2; 2; 0.009900990099009901; 3; 1; 8; [723, 755]; [445, 655, 125]; [755]; []; {755}; {100}; 18.0; x0xx0000x0xx0000xxx1xxx000000000x0xxxxx0x
420; 724; 724; 1; 1; 0.0049504950495049506; 2; 1; 4; [724]; [1, 692]; [724]; []; {724}; {00}; 35.0; 0xxx0xxx0xxx0xxx00000000xxxxxxxx0xxxxxxxx
421; 725; 725; 1; 1; 0.0049504950495049506; 2; 1; 4; [725]; [5, 693]; [725]; []; {725}; {10}; 16.0; x1xxx1xxx0xxx0xxxxxxxxxx00000000x0xxxxxxx
422; 726; 726; 1; 1; 0.0049504950495049506; 2; 1; 4; [726]; [9, 694]; [726]; []; {726}; {11}; 41.0; none
423; 727; 727; 1; 1; 0.0049504950495049506; 2; 1; 4; [727]; [13, 695]; [727]; []; {727}; {01}; 30.0; none
424; 728; 728; 1; 1; 0.0049504950495049506; 2; 1; 4; [728]; [17, 696]; [728]; []; {728}; {01}; 24.0; none
425; 729; 729; 1; 1; 0.0049504950495049506; 2; 1; 4; [729]; [21, 697]; [729]; []; {729}; {11}; 36.0; none
426; 730; 730; 1; 1; 0.0049504950495049506; 2; 1; 4; [730]; [25, 698]; [730]; []; {730}; {01}; 34.0; none
427; 731; 731; 1; 1; 0.0049504950495049506; 2; 1; 4; [731]; [29, 699]; [731]; []; {731}; {01}; 29.0; none
428; 732; 732; 1; 1; 0.0049504950495049506; 2; 1; 4; [732]; [33, 700]; [732]; []; {732}; {01}; 16.0; none
429; 733; 733; 1; 1; 0.0049504950495049506; 2; 1; 4; [733]; [37, 701]; [733]; []; {733}; {10}; 30.0; x0xxx0xxx1xxx1xxxxxxxxxx00000000x0xxxxxxx
430; 734; 734; 1; 1; 0.0049504950495049506; 2; 1; 4; [734]; [41, 702]; [734]; []; {734}; {10}; 28.0; xx0xxx0xxx1xxx1x0000xxxx0000xxxxxx0xxxxxx
431; 735; 735; 1; 1; 0.0049504950495049506; 2; 1; 4; [735]; [45, 703]; [735]; []; {735}; {01}; 32.0; none
432; 736; 736; 1; 1; 0.0049504950495049506; 2; 1; 4; [736]; [49, 704]; [736]; []; {736}; {11}; 19.0; none
433; 737; 737; 1; 1; 0.0049504950495049506; 2; 1; 4; [737]; [53, 705]; [737]; []; {737}; {01}; 31.0; none
434; 738; 738; 1; 1; 0.0049504950495049506; 2; 1; 4; [738]; [57, 706]; [738]; []; {738}; {11}; 15.0; none
435; 739; 739; 1; 1; 0.0049504950495049506; 2; 1; 4; [739]; [61, 707]; [739]; []; {739}; {10}; 31.0; xxx0xxx0xxx1xxx1xxxx0000xxxx0000xxx0xxxxx
436; 740; 740; 1; 1; 0.0049504950495049506; 2; 1; 4; [740]; [65, 708]; [740]; []; {740}; {10}; 17.0; 00000000xxxxxxxx1xxx1xxx0xxx0xxxxxxx0xxxx
437; 741; 741; 1; 1; 0.0049504950495049506; 2; 1; 4; [741]; [69, 709]; [741]; []; {741}; {11}; 35.0; none
438; 742; 742; 1; 1; 0.0049504950495049506; 2; 1; 4; [742]; [73, 710]; [742]; []; {742}; {10}; 33.0; 0000xxxx0000xxxxxx1xxx1xxx0xxx0xxxxxxx0xx
439; 743; 743; 1; 1; 0.0049504950495049506; 2; 1; 4; [743]; [77, 711]; [743]; []; {743}; {00}; 31.0; xxxx0000xxxx0000xxx0xxx0xxx0xxx0xxxxxxx0x
440; 744; 744; 1; 1; 0.0049504950495049506; 2; 1; 4; [744]; [81, 712]; [744]; []; {744}; {10}; 20.0; 00000000xxxxxxxx1xxx1xxx0xxx0xxxxxxx0xxxx
441; 745; 745; 1; 1; 0.0049504950495049506; 2; 1; 4; [745]; [85, 713]; [745]; []; {745}; {10}; 31.0; xxxxxxxx00000000x1xxx1xxx0xxx0xxxxxxx0xxx
442; 746; 746; 1; 1; 0.0049504950495049506; 2; 1; 4; [746]; [89, 714]; [746]; []; {746}; {10}; 31.0; 0000xxxx0000xxxxxx1xxx1xxx0xxx0xxxxxxx0xx
443; 747; 747; 1; 1; 0.0049504950495049506; 2; 1; 4; [747]; [93, 715]; [747]; []; {747}; {11}; 36.0; none
444; 748; 748; 1; 1; 0.0049504950495049506; 2; 1; 4; [748]; [97, 716]; [748]; []; {748}; {10}; 41.0; 00000000xxxxxxxx0xxx0xxx1xxx1xxxxxxx0xxxx
445; 749; 749; 1; 1; 0.0049504950495049506; 2; 1; 4; [749]; [101, 717]; [749]; []; {749}; {10}; 51.0; xxxxxxxx00000000x0xxx0xxx1xxx1xxxxxxx0xxx
446; 750; 750; 1; 1; 0.0049504950495049506; 2; 1; 4; [750]; [105, 718]; [750]; []; {750}; {10}; 41.0; 0000xxxx0000xxxxxx0xxx0xxx1xxx1xxxxxxx0xx
447; 751; 751; 1; 1; 0.0049504950495049506; 2; 1; 4; [751]; [109, 719]; [751]; []; {751}; {01}; 26.0; none
448; 752; 752; 1; 1; 0.0049504950495049506; 2; 1; 4; [752]; [113, 720]; [752]; []; {752}; {01}; 43.0; none
449; 753; 753; 1; 1; 0.0049504950495049506; 2; 1; 4; [753]; [117, 721]; [753]; []; {753}; {11}; 28.0; none
450; 754; 754; 1; 1; 0.0049504950495049506; 2; 1; 4; [754]; [121, 722]; [754]; []; {754}; {11}; 29.0; none
451; 755; 755; 1; 1; 0.0049504950495049506; 2; 1; 4; [755]; [125, 723]; [755]; []; {755}; {11}; 32.0; none
